03 36 26 24 10 2016
02 52 45 11 12 2009
14 49 29 23 07 2008
11 48 22 15 12 2005
18 36 05 28 07 1994
14 32 45 06 11 2000
05 00 29 02 12 1991
09 06 10 05 10 2004
18 01 44 27 04 2016
01 27 49 20 09 2011
23 13 10 21 02 2027
23 10 07 20 04 2006
02 34 29 01 06 2019
07 47 37 09 05 1995
19 57 45 23 06 1991
09 50 21 01 12 2021
03 35 04 18 03 2006
11 32 25 02 09 2022
00 40 59 04 07 2027
15 59 47 20 03 2007
20 21 17 31 07 2022
04 20 57 11 07 2027
02 54 13 22 09 2017
22 02 54 11 12 1991
00 00 38 21 09 2004
05 44 11 05 12 2017
01 05 19 12 01 2007
06 04 45 22 02 1995
11 34 41 23 07 2010
07 32 45 24 12 2017
17 13 38 20 03 1999
10 35 51 12 04 2022
18 06 12 28 09 2016
01 30 39 24 11 1997
20 40 03 10 03 2002
01 24 33 30 06 2013
19 35 44 05 04 1993
05 07 11 15 04 2001
19 09 55 05 01 2003
07 25 16 17 03 2009